# Created by Octave 3.2.4, Wed Jan 18 01:11:20 2012 ART <diego@notebook2>
# name: data
# type: matrix
# rows: 1370
# columns: 3
 2 4.1782926282 2.8063214298
 3 4.1782926282 3.2829605612
 4 4.1782926282 3.3048921818
 5 4.1782926282 3.7258535982
 6 4.1782926282 3.4793270465
 7 4.1782926282 3.8786016867
 8 4.1782926282 3.5679619146
 9 4.1782926282 3.9490040447
 10 4.1782926282 3.7261862203
 11 4.1782926282 3.9863175277
 12 4.1782926282 3.844616108
 13 4.1782926282 4.0076541382
 14 4.1782926282 3.9224540413
 15 4.1782926282 4.0203425397
 16 4.1782926282 3.9761021972
 17 4.1782926282 4.0279723304
 18 4.1782926282 4.0143704625
 19 4.1782926282 4.0324747764
 20 4.1782926282 4.0423695491
 21 4.1782926282 4.0349635914
 22 4.1782926282 4.0632444642
 23 4.1782926282 4.0361161624
 24 4.1782926282 4.0790231232
 25 4.1782926282 4.0363621678
 26 4.1782926282 4.0910636582
 27 4.1782926282 4.0359835254
 28 4.1782926282 4.1003046282
 29 4.1782926282 4.0351703703
 30 4.1782926282 4.1074119847
 31 4.1782926282 4.034053874
 32 4.1782926282 4.1128689998
 33 4.1782926282 4.0327262372
 34 4.1782926282 4.1170332413
 35 4.1782926282 4.044418771
 36 4.1782926282 4.1201737686
 37 4.1782926282 4.0596380203
 38 4.1782926282 4.1224960561
 39 4.1782926282 4.0726765265
 40 4.1782926282 4.1241590815
 41 4.1782926282 4.0838926333
 42 4.1782926282 4.1252872816
 43 4.1782926282 4.093574312
 44 4.1782926282 4.1259790696
 45 4.1782926282 4.1019552293
 46 4.1782926282 4.1263130024
 47 4.1782926282 4.1092266609
 48 4.1782926282 4.1263523118
 49 4.1782926282 4.1155464407
 50 4.1782926282 4.1261482787
 51 4.1782926282 4.1210457667
 52 4.1782926282 4.1257427751
 53 4.1782926282 4.125834433
 54 4.1782926282 4.1251702019
 55 4.1782926282 4.1300048945
 56 4.1782926282 4.1244589798
 57 4.1782926282 4.1336354536
 58 4.1782926282 4.1236327081
 59 4.1782926282 4.1367927799
 60 4.1782926282 4.1227110723
 61 4.1782926282 4.1395339204
 62 4.1782926282 4.1217105617
 63 4.1782926282 4.1419079134
 64 4.1782926282 4.1206450398
 65 4.1782926282 4.1439570943
 66 4.1782926282 4.1195262018
 67 4.1782926282 4.1457181591
 68 4.1782926282 4.1183639433
 69 4.1782926282 4.1472230355
 70 4.1782926282 4.1171666596
 71 4.1782926282 4.1484996009
 72 4.1782926282 4.1159414898
 73 4.1782926282 4.1495722769
 74 4.1782926282 4.1146945169
 75 4.1782926282 4.1504625248
 76 4.1782926282 4.1145516456
 77 4.1782926282 4.15118926
 78 4.1782926282 4.1188821924
 79 4.1782926282 4.1517692003
 80 4.1782926282 4.122863888
 81 4.1782926282 4.1522171599
 82 4.1782926282 4.1265264895
 83 4.1782926282 4.1525462989
 84 4.1782926282 4.1298967132
 85 4.1782926282 4.1527683355
 86 4.1782926282 4.1329986019
 87 4.1782926282 4.1528937267
 88 4.1782926282 4.1358538391
 89 4.1782926282 4.1529318244
 90 4.1782926282 4.1384820223
 91 4.1782926282 4.1528910082
 92 4.1782926282 4.1409008989
 93 4.1782926282 4.1527788011
 94 4.1782926282 4.1431265718
 95 4.1782926282 4.1526019692
 96 4.1782926282 4.1451736785
 97 4.1782926282 4.1523666079
 98 4.1782926282 4.1470555482
 99 4.1782926282 4.1520782179
 100 4.1782926282 4.1487843385
 101 4.1782926282 4.15174177
 102 4.1782926282 4.1503711569
 103 4.1782926282 4.1513617636
 104 4.1782926282 4.151826167
 105 4.1782926282 4.1509422763
 106 4.1782926282 4.1531586827
 107 4.1782926282 4.1504870088
 108 4.1782926282 4.1543772511
 109 4.1782926282 4.1499993238
 110 4.1782926282 4.1554897268
 111 4.1782926282 4.1494822804
 112 4.1782926282 4.1565033373
 113 4.1782926282 4.1489386648
 114 4.1782926282 4.1574247418
 115 4.1782926282 4.1483710171
 116 4.1782926282 4.1582600831
 117 4.1782926282 4.1477816557
 118 4.1782926282 4.1590150345
 119 4.1782926282 4.1471726984
 120 4.1782926282 4.1596948419
 121 4.1782926282 4.1465460815
 122 4.1782926282 4.1603043608
 123 4.1782926282 4.1459035772
 124 4.1782926282 4.1608480907
 125 4.1782926282 4.1452468083
 126 4.1782926282 4.1613302051
 127 4.1782926282 4.1445772623
 128 4.1782926282 4.1617545789
 129 4.1782926282 4.1438963034
 130 4.1782926282 4.1621248137
 131 4.1782926282 4.1432051837
 132 4.1782926282 4.1624442595
 133 4.1782926282 4.142505053
 134 4.1782926282 4.1627160357
 135 4.1782926282 4.1425006805
 136 4.1782926282 4.162943049
 137 4.1782926282 4.1441846114
 138 4.1782926282 4.1631280103
 139 4.1782926282 4.1457787434
 140 4.1782926282 4.1632734502
 141 4.1782926282 4.1472876796
 142 4.1782926282 4.1633817326
 143 4.1782926282 4.1487157426
 144 4.1782926282 4.1634550672
 145 4.1782926282 4.1500669949
 146 4.1782926282 4.1634955215
 147 4.1782926282 4.1513452572
 148 4.1782926282 4.1635050309
 149 4.1782926282 4.1525541254
 150 4.1782926282 4.1634854089
 151 4.1782926282 4.1536969864
 152 4.1782926282 4.1634383553
 153 4.1782926282 4.1547770321
 154 4.1782926282 4.1633654647
 155 4.1782926282 4.1557972731
 156 4.1782926282 4.1632682342
 157 4.1782926282 4.1567605505
 158 4.1782926282 4.1631480696
 159 4.1782926282 4.1576695472
 160 4.1782926282 4.1630062923
 161 4.1782926282 4.1585267983
 162 4.1782926282 4.1628441447
 163 4.1782926282 4.1593347007
 164 4.1782926282 4.162662796
 165 4.1782926282 4.1600955221
 166 4.1782926282 4.1624633464
 167 4.1782926282 4.160811409
 168 4.1782926282 4.1622468327
 169 4.1782926282 4.1614843941
 170 4.1782926282 4.1620142314
 171 4.1782926282 4.1621164039
 172 4.1782926282 4.1617664635
 173 4.1782926282 4.1627092651
 174 4.1782926282 4.1615043974
 175 4.1782926282 4.1632647101
 176 4.1782926282 4.1612288531
 177 4.1782926282 4.1637843835
 178 4.1782926282 4.1609406042
 179 4.1782926282 4.1642698468
 180 4.1782926282 4.1606403817
 181 4.1782926282 4.1647225835
 182 4.1782926282 4.1603288762
 183 4.1782926282 4.1651440035
 184 4.1782926282 4.1600067407
 185 4.1782926282 4.1655354477
 186 4.1782926282 4.1596745926
 187 4.1782926282 4.1658981916
 188 4.1782926282 4.1593330158
 189 4.1782926282 4.1662334492
 190 4.1782926282 4.1589825632
 191 4.1782926282 4.1665423765
 192 4.1782926282 4.158623758
 193 4.1782926282 4.1668260744
 194 4.1782926282 4.1582570958
 195 4.1782926282 4.1670855924
 196 4.1782926282 4.1578830461
 197 4.1782926282 4.1673219307
 198 4.1782926282 4.1575020538
 199 4.1782926282 4.1675360434
 200 4.1782926282 4.1571145407
 201 4.1782926282 4.1677288407
 202 4.1782926282 4.1567209066
 203 4.1782926282 4.1679011913
 204 4.1782926282 4.156321531
 205 4.1782926282 4.1680539247
 206 4.1782926282 4.1559167736
 207 4.1782926282 4.1681878332
 208 4.1782926282 4.155506976
 209 4.1782926282 4.1683036737
 210 4.1782926282 4.1550924625
 211 4.1782926282 4.1684021697
 212 4.1782926282 4.1558958891
 213 4.1782926282 4.168484013
 214 4.1782926282 4.1566932555
 215 4.1782926282 4.1685498652
 216 4.1782926282 4.1574593668
 217 4.1782926282 4.1686003594
 218 4.1782926282 4.1581952875
 219 4.1782926282 4.1686361013
 220 4.1782926282 4.1589020395
 221 4.1782926282 4.1686576709
 222 4.1782926282 4.1595806038
 223 4.1782926282 4.1686656237
 224 4.1782926282 4.1602319231
 225 4.1782926282 4.1686604917
 226 4.1782926282 4.1608569028
 227 4.1782926282 4.1686427846
 228 4.1782926282 4.1614564132
 229 4.1782926282 4.1686129911
 230 4.1782926282 4.162031291
 231 4.1782926282 4.1685715797
 232 4.1782926282 4.1625823407
 233 4.1782926282 4.1685189997
 234 4.1782926282 4.1631103364
 235 4.1782926282 4.1684556819
 236 4.1782926282 4.1636160228
 237 4.1782926282 4.16838204
 238 4.1782926282 4.1641001166
 239 4.1782926282 4.1682984707
 240 4.1782926282 4.1645633078
 241 4.1782926282 4.1682053552
 242 4.1782926282 4.1650062611
 243 4.1782926282 4.1681030592
 244 4.1782926282 4.1654296163
 245 4.1782926282 4.1679919342
 246 4.1782926282 4.1658339903
 247 4.1782926282 4.1678723177
 248 4.1782926282 4.1662199774
 249 4.1782926282 4.1677445341
 250 4.1782926282 4.1665881503
 251 4.1782926282 4.1676088953
 252 4.1782926282 4.1669390617
 253 4.1782926282 4.1674657009
 254 4.1782926282 4.1672732441
 255 4.1782926282 4.1673152392
 256 4.1782926282 4.1675912115
 257 4.1782926282 4.1671577874
 258 4.1782926282 4.1678934598
 259 4.1782926282 4.1669936121
