# Created by Octave 3.2.4, Wed Jan 18 01:11:20 2012 ART <diego@notebook2>
# name: a
# type: matrix
# rows: 2
# columns: 3
 1 2 3
 4 5 6
